time:03Nov1450
doi_size:1.5
num_iter:1
num_devices:20
device_indices:[1, 2, 3, 4, 5, 6, 7, 8, 9, 10, 11, 12, 13, 14, 15, 16, 17, 18, 19, 20]
sample_rate:1000000.0
num_samples:1000
center_freq:2350000000.0
bandwidth:10
transmitter_attenuation:0
receiver_gain:30
grid_resolution:0.05
detection_size:0.1
gain_table:[[32 32 38 34 42 37 35 34 39 39 38 35 38 36 38 39 50 47 34 24]
 [31 36 37 37 43 39 37 37 36 37 34 36 34 34 37 34 41 35 27 23]
 [33 39 30 38 41 37 35 36 34 42 34 34 35 36 35 36 36 38 32 31]
 [37 39 42 42 38 36 56 36 34 37 35 32 35 33 33 38 36 35 32 33]
 [38 47 45 45 31 30 29 35 37 44 34 33 36 32 41 37 37 39 38 36]
 [36 39 44 42 27 35 29 37 34 40 35 35 34 34 34 33 35 37 33 33]
 [33 37 35 34 23 29 35 44 38 48 40 38 39 40 39 36 35 33 33 30]
 [33 38 34 36 36 39 44 36 34 39 37 33 36 33 37 36 35 35 32 33]
 [35 38 32 34 38 35 38 34 59 43 47 32 33 33 38 32 34 33 35 33]
 [41 35 40 40 44 40 51 41 38 38 36 28 32 35 41 34 32 33 32 38]
 [33 34 36 34 35 36 47 39 39 32 51 30 34 35 42 36 35 35 34 33]
 [40 35 34 33 35 34 45 31 31 26 33 34 40 40 43 40 37 36 37 40]
 [36 33 34 33 33 32 39 31 31 32 35 43 37 33 38 44 34 35 37 38]
 [35 33 34 32 34 33 36 32 33 35 37 50 34 34 37 35 34 33 46 48]
 [37 33 34 32 37 34 35 36 36 40 39 47 42 37 32 29 28 33 35 38]
 [37 39 37 35 35 35 34 34 36 33 38 45 44 46 37 34 34 38 46 46]
 [42 38 37 41 38 34 37 33 32 33 31 37 33 46 24 39 34 35 46 57]
 [40 35 38 38 38 37 34 33 33 37 33 37 33 32 35 42 37 34 39 43]
 [31 31 33 33 39 33 33 33 35 35 33 35 35 44 49 55 62 47 36 47]
 [27 26 32 33 36 34 33 34 34 36 33 35 44 43 39 49 57 62 51 30]]
